=========== ANALISIS DE COMPATIBILIDAD GLOBAL (como mucho 1 variable fuera) ===========

I_0.txt Compatible con la media en los tramos:

[315, 366]
[368, 378]
[380, 383]
[385, 415]
[417, 426]
[428, 564]
[566, 566]
[568, 579]
[581, 583]
[585, 585]
[589, 591]
[593, 600]
[602, 623]
[628, 631]
[635, 675]
[677, 691]
[693, 693]
[695, 724]
[730, 746]
[749, 815]
[817, 833]
[835, 837]
[841, 841]
[843, 932]
[934, 940]
[942, 1062]
[1064, 1080]
[1082, 1165]
[1167, 1479]
[1481, 1655]
[1657, 1771]
[1773, 2226]
[2228, 2333]
[2335, 2611]
[2613, 2720]
[2722, 2825]
[2827, 2891]
[2893, 3116]
[3118, 3187]
[3189, 3230]
[3232, 3342]
[3344, 3407]
[3409, 3472]
[3474, 3557]
[3559, 3634]
[3636, 3687]
[3689, 4580]
[4582, 4685]
[4687, 4931]
[4933, 5429]
[5431, 6065]
[6067, 6411]
[6413, 6503]
[6505, 6996]
[6998, 7458]
[7460, 7510]
[7512, 8460]
[8462, 9023]
[9025, 9311]
[9313, 9560]
[9562, 9609]
[9611, 9619]
[9621, 9826]
[9828, 9897]
[9899, 10002]
[10004, 10127]
[10129, 10129]
[10131, 10131]
[10133, 10462]
[10464, 10501]
[10503, 10508]
[10510, 10604]
[10606, 11096]
[11098, 11098]
[11100, 11376]
[11378, 11396]
[11398, 11450]
[11452, 11491]
[11493, 11495]
[11497, 11742]
[11744, 11956]
[11958, 12102]
[12104, 12291]
[12293, 12319]
[12321, 12446]
[12448, 12820]
[12822, 12925]
[12927, 13147]
[13149, 13919]
[13921, 14024]
[14026, 14867]
[14869, 14923]
[14925, 14971]
[14973, 15039]
[15041, 15596]
[15598, 15725]
[15727, 16155]
[16157, 16821]
[16823, 17446]
[17448, 17450]
[17452, 17518]
[17520, 17521]
[17524, 17524]
[17526, 17528]
[17530, 17531]
[17533, 17627]
[17638, 17638]
[17641, 18758]
[18760, 19060]
[19062, 19165]
[19167, 19316]
[19318, 19412]
[19414, 19542]
[19545, 19918]
[19920, 20223]
[20225, 20240]
[20242, 20558]
[20560, 21120]
[21122, 21164]
[21166, 21890]
[21892, 21999]
[22001, 22407]
[22409, 22411]
[22413, 22672]
[22674, 23071]
[23073, 23209]
[23211, 23502]
[23504, 23504]
[23506, 23518]
[23520, 23685]
[23688, 23712]
[23714, 24139]
[24141, 25163]
[25165, 25176]
[25178, 25344]
[25346, 25588]
[25590, 25618]
[25620, 25708]
[25710, 25813]
[25815, 25847]
[25849, 26621]
[26623, 26886]
[26888, 26920]
[26922, 26994]
[26996, 27074]
[27076, 27289]
[27291, 27426]
[27428, 27797]
[27799, 28995]
[28997, 29761]
[29763, 29864]
[29866, 30001]
[30003, 30204]
[30206, 30415]
[30417, 30976]
[30978, 30989]
[30991, 32035]
[32037, 32920]
[32922, 33303]
[33305, 33769]
[33771, 33787]
[33789, 34017]
[34019, 34299]
[34301, 35530]
[35532, 35608]
[35610, 35762]
[35764, 35867]
[35870, 36128]
[36130, 36157]
[36159, 36159]
[36161, 36226]
[36228, 36413]
[36415, 36443]
[36445, 36451]
[36453, 36520]
[36522, 36524]
[36527, 36529]
[36532, 36533]
[36535, 37204]
[37206, 37264]
[37266, 37367]
[37369, 37787]
[37789, 38523]
[38525, 39191]
[39193, 39195]
[39197, 39202]
[39204, 39207]
[39209, 39283]
[39285, 39296]
[39298, 39298]
[39302, 39304]
[39307, 39309]
[39311, 39311]
[39314, 39403]
[39406, 39410]
[39412, 39445]
[39447, 40000]

I_1.txt Compatible con la media en los tramos:

[315, 404]
[407, 408]
[410, 510]
[512, 697]
[699, 844]
[846, 851]
[853, 948]
[971, 1066]
[1069, 1071]
[1080, 1180]
[1183, 1389]
[1391, 1478]
[1480, 3063]
[3065, 3357]
[3359, 3462]
[3464, 4217]
[4219, 4409]
[4411, 4550]
[4552, 4587]
[4589, 5074]
[5076, 5267]
[5269, 5372]
[5374, 5376]
[5379, 5381]
[5384, 5482]
[5484, 5486]
[5488, 5489]
[5491, 5515]
[5517, 5524]
[5526, 5591]
[5593, 5604]
[5606, 5672]
[5674, 5785]
[5787, 6034]
[6036, 6415]
[6417, 6520]
[6522, 7164]
[7166, 7394]
[7396, 7499]
[7501, 8169]
[8171, 8287]
[8289, 8775]
[8777, 9192]
[9194, 9257]
[9259, 9519]
[9525, 9625]
[9627, 9627]
[9629, 9698]
[9700, 9735]
[9737, 10030]
[10032, 10062]
[10064, 10598]
[10600, 11442]
[11444, 11632]
[11634, 11903]
[11905, 12177]
[12179, 12202]
[12204, 12309]
[12311, 12820]
[12822, 13238]
[13240, 13470]
[13472, 14160]
[14162, 14441]
[14443, 15031]
[15033, 15101]
[15103, 15799]
[15801, 15881]
[15883, 16028]
[16030, 16672]
[16674, 16815]
[16817, 17199]
[17201, 18192]
[18194, 18484]
[18486, 18902]
[18905, 18927]
[18930, 18941]
[18943, 18954]
[18956, 19403]
[19405, 19412]
[19414, 19508]
[19510, 19651]
[19653, 19671]
[19673, 19756]
[19758, 19779]
[19781, 20369]
[20371, 20416]
[20418, 20466]
[20468, 21470]
[21472, 21507]
[21509, 21732]
[21734, 22630]
[22632, 22779]
[22781, 23269]
[23271, 23629]
[23631, 23724]
[23726, 24182]
[24184, 24246]
[24248, 24384]
[24386, 24588]
[24590, 25661]
[25663, 25992]
[25994, 26034]
[26036, 26301]
[26303, 26608]
[26610, 27363]
[27365, 27443]
[27445, 27674]
[27676, 27767]
[27769, 27869]
[27871, 28141]
[28143, 28493]
[28495, 28671]
[28673, 28798]
[28800, 29404]
[29406, 29928]
[29930, 30034]
[30036, 31287]
[31289, 31444]
[31446, 31699]
[31701, 31940]
[31942, 32083]
[32085, 32245]
[32247, 32261]
[32263, 32274]
[32276, 32304]
[32306, 32798]
[32800, 33008]
[33010, 34038]
[34040, 34364]
[34366, 34666]
[34668, 35527]
[35529, 35744]
[35746, 35863]
[35865, 35998]
[36000, 36367]
[36369, 36598]
[36600, 36700]
[36702, 36765]
[36767, 36814]
[36816, 36817]
[36820, 36928]
[36930, 37045]
[37047, 37835]
[37837, 38087]
[38089, 38197]
[38199, 38207]
[38209, 38752]
[38754, 38980]
[38982, 39116]
[39119, 39222]
[39224, 39381]
[39383, 39800]
[39802, 39856]
[39858, 40000]

I_2.txt Compatible con la media en los tramos:

[315, 414]
[417, 419]
[421, 421]
[425, 519]
[522, 704]
[706, 728]
[730, 799]
[801, 809]
[811, 817]
[819, 824]
[827, 899]
[901, 978]
[980, 1090]
[1092, 1195]
[1197, 1675]
[1677, 1748]
[1750, 2057]
[2059, 2454]
[2456, 2554]
[2556, 2558]
[2561, 2653]
[2655, 2660]
[2662, 2665]
[2667, 2730]
[2732, 2891]
[2893, 2954]
[2956, 3059]
[3061, 3381]
[3383, 3945]
[3947, 4081]
[4083, 5297]
[5299, 5524]
[5526, 5761]
[5763, 5931]
[5933, 6702]
[6704, 7007]
[7009, 7758]
[7760, 8095]
[8097, 8499]
[8501, 8701]
[8704, 8714]
[8716, 8736]
[8738, 8841]
[8843, 9040]
[9042, 9042]
[9044, 9224]
[9226, 9899]
[9901, 10126]
[10128, 10190]
[10192, 10248]
[10250, 10267]
[10269, 10295]
[10297, 10351]
[10353, 10372]
[10374, 10497]
[10499, 10796]
[10798, 10840]
[10842, 10879]
[10881, 11041]
[11043, 11619]
[11621, 12739]
[12741, 13219]
[13221, 13316]
[13318, 13585]
[13587, 13694]
[13697, 13798]
[13800, 13948]
[13950, 14053]
[14055, 14084]
[14086, 14087]
[14089, 14194]
[14196, 14223]
[14228, 14228]
[14230, 14292]
[14294, 14295]
[14297, 14299]
[14301, 14306]
[14308, 14377]
[14379, 14391]
[14393, 14475]
[14477, 14482]
[14484, 14566]
[14568, 14580]
[14582, 14587]
[14589, 15129]
[15131, 15752]
[15754, 15942]
[15944, 16501]
[16503, 16952]
[16954, 17511]
[17513, 18019]
[18021, 18226]
[18228, 18317]
[18320, 18333]
[18335, 18562]
[18564, 18590]
[18592, 18704]
[18707, 18776]
[18778, 19421]
[19423, 20797]
[20799, 20854]
[20856, 20893]
[20895, 21046]
[21048, 21210]
[21212, 21244]
[21246, 21670]
[21672, 21677]
[21679, 21774]
[21776, 21948]
[21950, 21955]
[21957, 22053]
[22055, 22527]
[22529, 22538]
[22540, 22650]
[22652, 22700]
[22702, 23106]
[23108, 23687]
[23689, 23689]
[23691, 24032]
[24034, 24305]
[24307, 24308]
[24311, 24313]
[24315, 24316]
[24318, 24534]
[24536, 25167]
[25169, 26894]
[26896, 26999]
[27001, 27368]
[27370, 27962]
[27964, 28525]
[28527, 28581]
[28583, 29089]
[29091, 29490]
[29492, 29587]
[29589, 30534]
[30536, 31423]
[31425, 32225]
[32227, 32234]
[32236, 32485]
[32487, 32660]
[32662, 32663]
[32665, 32666]
[32668, 32895]
[32897, 32920]
[32922, 32982]
[32984, 33105]
[33107, 34788]
[34790, 35141]
[35143, 35692]
[35694, 35794]
[35796, 36428]
[36430, 36533]
[36535, 36700]
[36702, 36793]
[36795, 36897]
[36899, 37349]
[37351, 37957]
[37959, 38005]
[38007, 38348]
[38350, 38372]
[38374, 38378]
[38380, 38391]
[38393, 39375]
[39377, 39755]
[39757, 40000]

I_3.txt Compatible con la media en los tramos:

[315, 370]
[372, 412]
[414, 476]
[478, 798]
[800, 848]
[850, 850]
[852, 1252]
[1254, 1701]
[1703, 2379]
[2381, 2389]
[2391, 2392]
[2394, 2494]
[2496, 3038]
[3040, 3288]
[3290, 3291]
[3293, 3293]
[3295, 3852]
[3854, 3940]
[3942, 4028]
[4030, 4193]
[4195, 5780]
[5782, 5788]
[5790, 5803]
[5805, 5908]
[5910, 6013]
[6015, 6255]
[6257, 6333]
[6335, 6440]
[6442, 6721]
[6723, 6911]
[6913, 6919]
[6921, 7556]
[7558, 7682]
[7684, 8425]
[8427, 8524]
[8527, 8711]
[8713, 9645]
[9647, 9771]
[9773, 9822]
[9824, 11098]
[11100, 12044]
[12046, 12241]
[12243, 12618]
[12620, 13216]
[13218, 13237]
[13239, 13342]
[13344, 13450]
[13452, 13455]
[13457, 13898]
[13900, 13910]
[13912, 13976]
[13978, 16036]
[16038, 16163]
[16165, 16543]
[16545, 16604]
[16606, 16611]
[16613, 16617]
[16619, 16758]
[16760, 17024]
[17026, 17315]
[17317, 17317]
[17319, 17419]
[17421, 17421]
[17423, 17468]
[17470, 17596]
[17598, 17730]
[17732, 17834]
[17836, 17850]
[17852, 18058]
[18060, 18854]
[18856, 18868]
[18870, 18987]
[18989, 18990]
[18994, 18998]
[19000, 19103]
[19105, 19760]
[19762, 19892]
[19894, 20157]
[20159, 20315]
[20317, 20321]
[20323, 20486]
[20488, 20591]
[20594, 20665]
[20667, 20706]
[20708, 21167]
[21169, 21362]
[21364, 21467]
[21469, 21572]
[21574, 21607]
[21609, 21725]
[21728, 21755]
[21757, 21760]
[21762, 21763]
[21765, 21770]
[21774, 21828]
[21830, 21830]
[21833, 21873]
[21875, 21875]
[21877, 22489]
[22491, 22572]
[22574, 22996]
[22998, 23079]
[23081, 23384]
[23386, 23392]
[23394, 23673]
[23675, 24146]
[24148, 24460]
[24462, 24515]
[24517, 26406]
[26408, 26726]
[26728, 27521]
[27523, 27846]
[27848, 28289]
[28291, 28577]
[28579, 28804]
[28806, 28847]
[28849, 28925]
[28927, 28987]
[28989, 29148]
[29150, 29289]
[29291, 29301]
[29303, 29804]
[29806, 29821]
[29823, 29900]
[29902, 30133]
[30135, 31048]
[31050, 31319]
[31322, 31684]
[31686, 31701]
[31703, 31788]
[31790, 32070]
[32072, 32079]
[32081, 32269]
[32271, 32617]
[32619, 32866]
[32868, 32912]
[32914, 33021]
[33023, 33318]
[33320, 33424]
[33426, 33767]
[33769, 33793]
[33795, 34102]
[34104, 34129]
[34131, 34913]
[34915, 34978]
[34980, 35051]
[35053, 35066]
[35068, 35161]
[35163, 35266]
[35268, 35321]
[35323, 35418]
[35420, 35426]
[35428, 35448]
[35450, 35505]
[35507, 35825]
[35827, 35998]
[36000, 36540]
[36542, 36674]
[36676, 36891]
[36893, 36993]
[36995, 37571]
[37573, 37574]
[37576, 38268]
[38270, 38811]
[38813, 39010]
[39012, 39216]
[39218, 39321]
[39323, 39767]
[39769, 39872]
[39874, 40000]

I_4.txt Compatible con la media en los tramos:

[315, 485]
[487, 525]
[527, 556]
[558, 558]
[560, 710]
[712, 1276]
[1278, 1402]
[1404, 2184]
[2186, 2347]
[2349, 3679]
[3681, 3732]
[3734, 3737]
[3739, 4148]
[4150, 4268]
[4270, 4361]
[4363, 4366]
[4368, 4393]
[4395, 5615]
[5617, 6189]
[6191, 6253]
[6255, 6588]
[6590, 6891]
[6893, 6993]
[6995, 7341]
[7343, 7857]
[7859, 8103]
[8105, 8560]
[8562, 8824]
[8826, 8850]
[8852, 8957]
[8959, 9858]
[9860, 10031]
[10033, 10061]
[10063, 10065]
[10067, 10149]
[10151, 10284]
[10286, 10304]
[10306, 11149]
[11151, 11417]
[11419, 11726]
[11728, 11878]
[11880, 12461]
[12463, 12666]
[12668, 12944]
[12946, 13035]
[13037, 13175]
[13177, 13253]
[13255, 13391]
[13393, 14548]
[14550, 14632]
[14634, 15041]
[15043, 15751]
[15753, 15817]
[15819, 15821]
[15824, 15857]
[15859, 15922]
[15924, 15979]
[15981, 16339]
[16341, 16459]
[16461, 16711]
[16713, 16732]
[16734, 16967]
[16969, 16971]
[16973, 17072]
[17074, 17075]
[17077, 17159]
[17161, 17796]
[17798, 18036]
[18038, 18252]
[18254, 18307]
[18309, 19520]
[19522, 19690]
[19692, 19768]
[19770, 19795]
[19797, 20790]
[20792, 20995]
[20997, 20997]
[20999, 21237]
[21239, 22008]
[22010, 22017]
[22019, 22438]
[22440, 22863]
[22865, 22968]
[22970, 23058]
[23060, 23163]
[23165, 23173]
[23175, 23180]
[23182, 23321]
[23323, 23426]
[23428, 24010]
[24012, 24039]
[24041, 24418]
[24420, 24802]
[24804, 24947]
[24949, 24998]
[25000, 25103]
[25105, 25149]
[25151, 25391]
[25393, 25504]
[25506, 25720]
[25722, 25798]
[25800, 25825]
[25827, 26151]
[26153, 27036]
[27038, 27567]
[27569, 27632]
[27634, 27856]
[27858, 28286]
[28288, 28299]
[28301, 28389]
[28391, 28392]
[28394, 28403]
[28405, 28431]
[28433, 28484]
[28486, 28491]
[28493, 28495]
[28502, 28502]
[28504, 28901]
[28903, 29480]
[29482, 29871]
[29873, 30006]
[30008, 30122]
[30124, 30171]
[30173, 30648]
[30650, 30733]
[30735, 30755]
[30757, 31354]
[31356, 31534]
[31536, 31639]
[31641, 31969]
[31971, 32041]
[32043, 32178]
[32180, 33154]
[33156, 33158]
[33160, 33204]
[33206, 33309]
[33311, 33383]
[33385, 33488]
[33490, 33792]
[33794, 34233]
[34235, 34500]
[34502, 34584]
[34586, 34911]
[34913, 35941]
[35943, 36017]
[36019, 36122]
[36124, 36605]
[36607, 36794]
[36796, 36801]
[36803, 36934]
[36936, 37320]
[37322, 37503]
[37505, 37778]
[37780, 37835]
[37837, 37883]
[37885, 37897]
[37899, 38619]
[38621, 38732]
[38734, 38816]
[38818, 39118]
[39120, 39375]
[39377, 39581]
[39583, 39583]
[39585, 39851]
[39853, 40000]

I_5.txt Compatible con la media en los tramos:

[315, 419]
[424, 426]
[428, 471]
[473, 473]
[477, 493]
[496, 496]
[498, 520]
[524, 524]
[527, 544]
[546, 626]
[630, 723]
[728, 730]
[733, 733]
[736, 754]
[756, 878]
[880, 983]
[985, 1330]
[1332, 2008]
[2010, 2404]
[2406, 2422]
[2424, 2489]
[2491, 2679]
[2682, 3098]
[3100, 3369]
[3371, 3449]
[3451, 3455]
[3457, 4019]
[4021, 4144]
[4146, 4311]
[4313, 4493]
[4495, 4551]
[4553, 4641]
[4643, 4643]
[4645, 4759]
[4761, 4864]
[4866, 5298]
[5300, 5560]
[5562, 5818]
[5820, 6049]
[6051, 6120]
[6122, 6144]
[6146, 6153]
[6155, 7027]
[7029, 7310]
[7312, 8022]
[8024, 8451]
[8453, 8556]
[8558, 8957]
[8959, 9043]
[9045, 9674]
[9676, 10383]
[10385, 10513]
[10515, 11311]
[11313, 11696]
[11698, 12537]
[12539, 13017]
[13019, 13048]
[13051, 13550]
[13552, 13593]
[13595, 13655]
[13657, 13698]
[13700, 14290]
[14292, 14485]
[14487, 14534]
[14536, 14987]
[14989, 15183]
[15185, 15227]
[15229, 15332]
[15334, 15354]
[15356, 15725]
[15727, 15826]
[15828, 16348]
[16352, 16453]
[16455, 16905]
[16907, 16961]
[16963, 17777]
[17780, 17986]
[17988, 18149]
[18151, 19449]
[19451, 19499]
[19501, 20559]
[20561, 20873]
[20875, 21052]
[21054, 21389]
[21391, 21470]
[21472, 21494]
[21496, 21703]
[21705, 22887]
[22889, 23525]
[23527, 23687]
[23689, 23755]
[23757, 24565]
[24567, 24674]
[24676, 24700]
[24702, 24705]
[24707, 25098]
[25100, 25264]
[25266, 26379]
[26381, 26387]
[26389, 26520]
[26522, 26974]
[26976, 27166]
[27168, 27839]
[27841, 27869]
[27871, 27944]
[27946, 27996]
[27998, 28013]
[28015, 28099]
[28101, 28372]
[28374, 28519]
[28521, 28549]
[28551, 28564]
[28566, 28654]
[28656, 28671]
[28673, 29175]
[29177, 30167]
[30169, 30181]
[30183, 30371]
[30373, 30951]
[30953, 31040]
[31042, 31060]
[31062, 31064]
[31066, 31328]
[31330, 31987]
[31989, 32689]
[32691, 32740]
[32742, 32955]
[32957, 33123]
[33125, 33241]
[33243, 34058]
[34060, 34776]
[34778, 35519]
[35521, 35595]
[35597, 35732]
[35734, 35735]
[35737, 36161]
[36163, 36266]
[36268, 37085]
[37087, 38078]
[38080, 38181]
[38184, 38184]
[38186, 38224]
[38226, 38328]
[38331, 38503]
[38505, 39279]
[39281, 39303]
[39305, 39320]
[39322, 39352]
[39354, 39544]
[39546, 39685]
[39687, 39891]
[39893, 40000]

I_6.txt Compatible con la media en los tramos:

[315, 435]
[437, 447]
[449, 535]
[537, 631]
[633, 762]
[764, 917]
[921, 922]
[924, 927]
[929, 1413]
[1415, 1577]
[1579, 1686]
[1688, 1689]
[1691, 1797]
[1799, 2739]
[2741, 3029]
[3031, 3145]
[3147, 3211]
[3213, 3240]
[3242, 3242]
[3245, 3248]
[3250, 3552]
[3554, 3612]
[3614, 3785]
[3788, 4399]
[4401, 4442]
[4444, 4516]
[4518, 4573]
[4575, 4645]
[4647, 4813]
[4815, 4901]
[4903, 5132]
[5134, 5246]
[5248, 5709]
[5711, 5870]
[5872, 6111]
[6113, 6705]
[6707, 6774]
[6776, 6810]
[6812, 6813]
[6815, 6894]
[6896, 6989]
[6991, 7182]
[7184, 7594]
[7596, 7665]
[7667, 8031]
[8033, 9397]
[9399, 9592]
[9594, 9708]
[9710, 9813]
[9815, 10125]
[10127, 10197]
[10199, 10338]
[10340, 10440]
[10442, 10894]
[10896, 10904]
[10906, 10928]
[10930, 11037]
[11039, 11460]
[11462, 12010]
[12012, 12402]
[12404, 12994]
[12996, 13670]
[13672, 14216]
[14218, 14235]
[14237, 14611]
[14613, 14714]
[14716, 14716]
[14718, 14818]
[14822, 15089]
[15091, 15170]
[15172, 15648]
[15650, 15802]
[15804, 15898]
[15900, 16107]
[16109, 16427]
[16429, 17086]
[17088, 17174]
[17176, 17191]
[17195, 17195]
[17197, 17197]
[17199, 17279]
[17281, 17466]
[17468, 17650]
[17652, 17712]
[17714, 18288]
[18290, 19001]
[19003, 19505]
[19507, 19712]
[19714, 19941]
[19943, 20097]
[20099, 20230]
[20232, 20368]
[20370, 20799]
[20801, 20839]
[20841, 21111]
[21113, 21437]
[21439, 21650]
[21652, 21781]
[21783, 22418]
[22420, 22767]
[22769, 23027]
[23029, 23132]
[23134, 23511]
[23513, 24050]
[24052, 24858]
[24860, 25387]
[25389, 25429]
[25431, 26626]
[26628, 27250]
[27252, 27526]
[27528, 28006]
[28008, 28085]
[28088, 28088]
[28090, 28100]
[28102, 28205]
[28207, 28237]
[28239, 28721]
[28723, 28751]
[28753, 28849]
[28851, 29471]
[29474, 29745]
[29747, 29917]
[29919, 30127]
[30129, 30571]
[30573, 30740]
[30742, 30804]
[30807, 31197]
[31199, 31315]
[31317, 31597]
[31600, 31712]
[31714, 31951]
[31953, 32139]
[32141, 32482]
[32484, 32820]
[32822, 33043]
[33045, 33396]
[33398, 34355]
[34357, 34460]
[34462, 35342]
[35344, 35791]
[35793, 36721]
[36723, 36848]
[36850, 37442]
[37444, 37465]
[37467, 38937]
[38939, 39365]
[39367, 40000]

I_7.txt Compatible con la media en los tramos:

[315, 363]
[366, 451]
[453, 612]
[614, 640]
[642, 1007]
[1009, 1618]
[1620, 1668]
[1670, 2309]
[2311, 2363]
[2365, 2590]
[2592, 2599]
[2601, 2823]
[2825, 3867]
[3869, 4073]
[4075, 4085]
[4087, 4521]
[4523, 5313]
[5315, 5371]
[5373, 5526]
[5528, 5534]
[5536, 5536]
[5542, 5856]
[5858, 6016]
[6018, 6686]
[6688, 6862]
[6864, 6946]
[6948, 7063]
[7065, 7430]
[7432, 7508]
[7510, 7580]
[7582, 8123]
[8125, 8202]
[8204, 8374]
[8376, 8385]
[8387, 8413]
[8416, 8416]
[8418, 8464]
[8466, 8471]
[8474, 8516]
[8518, 8741]
[8743, 9296]
[9298, 9401]
[9403, 9632]
[9634, 9757]
[9759, 9775]
[9777, 10054]
[10056, 11302]
[11304, 11381]
[11383, 11648]
[11650, 12413]
[12415, 12573]
[12575, 12598]
[12600, 12937]
[12939, 13851]
[13853, 14007]
[14009, 14286]
[14288, 14490]
[14492, 15028]
[15030, 15622]
[15624, 15665]
[15668, 15814]
[15816, 16367]
[16369, 16878]
[16880, 17055]
[17057, 17144]
[17146, 17259]
[17261, 17367]
[17369, 17504]
[17506, 17665]
[17667, 17866]
[17868, 18069]
[18071, 18079]
[18081, 18288]
[18290, 18699]
[18701, 18887]
[18889, 19009]
[19011, 19139]
[19141, 19188]
[19190, 19192]
[19194, 19225]
[19227, 19244]
[19246, 19986]
[19988, 21990]
[21992, 22231]
[22233, 22414]
[22416, 22790]
[22792, 23215]
[23217, 23320]
[23322, 23764]
[23766, 23869]
[23871, 24183]
[24185, 24491]
[24493, 25066]
[25068, 25117]
[25119, 25890]
[25892, 25908]
[25910, 26125]
[26127, 26146]
[26148, 26166]
[26168, 26213]
[26215, 26300]
[26302, 26858]
[26860, 26940]
[26943, 26944]
[26946, 27542]
[27544, 28068]
[28070, 28452]
[28454, 28609]
[28611, 29294]
[29296, 29448]
[29450, 29575]
[29577, 29659]
[29661, 29669]
[29671, 29673]
[29675, 29675]
[29677, 29777]
[29780, 29780]
[29782, 29786]
[29788, 30639]
[30641, 30985]
[30987, 31053]
[31055, 31626]
[31628, 32682]
[32684, 33093]
[33095, 33788]
[33790, 34535]
[34537, 34822]
[34824, 34824]
[34826, 35013]
[35015, 35219]
[35221, 35324]
[35326, 35794]
[35796, 35895]
[35898, 36166]
[36168, 36684]
[36686, 37246]
[37248, 37280]
[37282, 37486]
[37488, 37829]
[37831, 38005]
[38007, 38082]
[38084, 38110]
[38112, 38198]
[38200, 38487]
[38489, 38622]
[38624, 38636]
[38638, 38748]
[38750, 38833]
[38835, 38853]
[38855, 38855]
[38857, 38959]
[38961, 39172]
[39174, 39318]
[39320, 39708]
[39710, 40000]

I_8.txt Compatible con la media en los tramos:

[315, 418]
[420, 523]
[526, 872]
[874, 939]
[941, 941]
[943, 1246]
[1248, 1569]
[1571, 1800]
[1802, 1977]
[1979, 3330]
[3333, 3436]
[3438, 3668]
[3670, 3936]
[3938, 4332]
[4334, 4440]
[4442, 4444]
[4446, 4545]
[4547, 4808]
[4810, 4892]
[4894, 4913]
[4915, 5509]
[5511, 6308]
[6310, 6514]
[6516, 6541]
[6543, 6555]
[6557, 6642]
[6644, 6645]
[6648, 6811]
[6813, 6916]
[6918, 7181]
[7183, 7188]
[7190, 7258]
[7260, 7364]
[7366, 7366]
[7369, 7371]
[7373, 7813]
[7815, 8444]
[8446, 8585]
[8587, 9038]
[9040, 9553]
[9555, 9808]
[9810, 10100]
[10102, 10537]
[10539, 10689]
[10691, 10703]
[10705, 10999]
[11001, 11230]
[11232, 11817]
[11819, 12221]
[12223, 12445]
[12447, 12451]
[12453, 12769]
[12771, 12928]
[12930, 13615]
[13617, 13706]
[13708, 14338]
[14340, 14417]
[14419, 14990]
[14992, 15292]
[15295, 15634]
[15636, 15739]
[15741, 15924]
[15926, 16309]
[16311, 16342]
[16344, 16451]
[16453, 16869]
[16871, 17100]
[17102, 17596]
[17598, 17615]
[17617, 17910]
[17912, 18001]
[18003, 18063]
[18065, 18068]
[18071, 18168]
[18170, 18173]
[18175, 18288]
[18290, 19176]
[19178, 19184]
[19186, 19363]
[19366, 19498]
[19500, 19552]
[19554, 20099]
[20101, 20102]
[20104, 20252]
[20254, 20255]
[20258, 20341]
[20343, 20397]
[20399, 20658]
[20660, 20709]
[20711, 21613]
[21615, 22080]
[22082, 22116]
[22118, 22214]
[22216, 22897]
[22899, 23529]
[23531, 23554]
[23556, 23711]
[23713, 24146]
[24148, 24233]
[24235, 24779]
[24781, 24782]
[24784, 24867]
[24869, 25053]
[25055, 25065]
[25067, 25163]
[25165, 25206]
[25208, 25259]
[25261, 25430]
[25432, 25863]
[25865, 26816]
[26818, 26918]
[26920, 27166]
[27168, 27290]
[27292, 27372]
[27374, 27411]
[27413, 28175]
[28177, 28266]
[28268, 28551]
[28553, 28883]
[28885, 29859]
[29861, 30290]
[30292, 30463]
[30465, 30568]
[30570, 30748]
[30750, 30775]
[30777, 30789]
[30791, 31053]
[31055, 31686]
[31688, 31819]
[31821, 31858]
[31860, 31963]
[31965, 31987]
[31989, 32017]
[32019, 32746]
[32748, 32775]
[32777, 33182]
[33184, 33303]
[33305, 33477]
[33479, 33633]
[33635, 33876]
[33878, 34207]
[34209, 34509]
[34511, 34789]
[34791, 34967]
[34969, 35007]
[35009, 35022]
[35024, 35112]
[35114, 35650]
[35652, 35652]
[35655, 35791]
[35793, 35974]
[35976, 36030]
[36032, 36118]
[36120, 36139]
[36141, 36273]
[36275, 36350]
[36352, 36365]
[36367, 36822]
[36824, 37183]
[37185, 37320]
[37322, 37349]
[37351, 38362]
[38364, 38387]
[38389, 38417]
[38419, 39962]
[39964, 40000]

I_9.txt Compatible con la media en los tramos:

[315, 434]
[436, 458]
[460, 499]
[508, 545]
[547, 573]
[579, 666]
[668, 675]
[681, 782]
[784, 931]
[933, 943]
[947, 1014]
[1016, 1375]
[1377, 2693]
[2695, 3233]
[3235, 3584]
[3586, 3994]
[3996, 4019]
[4021, 4030]
[4032, 4132]
[4134, 4524]
[4526, 4625]
[4627, 4629]
[4631, 4765]
[4767, 4822]
[4824, 4926]
[4929, 5032]
[5034, 5136]
[5138, 6226]
[6228, 6350]
[6352, 6494]
[6496, 6821]
[6823, 7009]
[7011, 7548]
[7550, 7841]
[7843, 7843]
[7845, 7850]
[7852, 7924]
[7926, 7955]
[7957, 8008]
[8010, 8196]
[8198, 8487]
[8490, 8520]
[8522, 9063]
[9065, 9797]
[9799, 10195]
[10197, 10810]
[10812, 10840]
[10842, 10911]
[10913, 11087]
[11089, 11572]
[11574, 11686]
[11688, 11785]
[11787, 11889]
[11891, 12065]
[12067, 12128]
[12130, 12170]
[12172, 12172]
[12174, 12214]
[12216, 12267]
[12269, 12304]
[12306, 12461]
[12463, 12615]
[12617, 12741]
[12743, 13406]
[13408, 13948]
[13950, 13963]
[13965, 14380]
[14382, 14792]
[14794, 15689]
[15691, 16006]
[16008, 16080]
[16082, 17100]
[17102, 17707]
[17709, 18301]
[18303, 18348]
[18350, 18633]
[18635, 18751]
[18753, 19217]
[19219, 19839]
[19841, 20836]
[20838, 21050]
[21052, 22481]
[22483, 22522]
[22524, 22965]
[22967, 23349]
[23351, 23457]
[23459, 23967]
[23969, 24303]
[24305, 24345]
[24347, 24568]
[24570, 24611]
[24613, 24706]
[24708, 24933]
[24935, 24983]
[24985, 25139]
[25141, 26239]
[26241, 27109]
[27111, 27265]
[27268, 27364]
[27366, 28328]
[28330, 28451]
[28453, 28671]
[28673, 29126]
[29128, 29404]
[29406, 30084]
[30086, 30086]
[30088, 30176]
[30178, 30191]
[30193, 30379]
[30381, 30383]
[30385, 30385]
[30387, 30605]
[30607, 31165]
[31167, 31190]
[31192, 31375]
[31377, 31668]
[31670, 31794]
[31796, 31826]
[31828, 31873]
[31875, 31933]
[31935, 32616]
[32618, 32906]
[32908, 33110]
[33112, 33215]
[33217, 33261]
[33263, 33481]
[33483, 33815]
[33817, 33909]
[33911, 35139]
[35141, 35143]
[35145, 35271]
[35273, 35273]
[35275, 35479]
[35481, 35485]
[35487, 35590]
[35592, 35912]
[35914, 35959]
[35961, 36258]
[36260, 36945]
[36947, 36971]
[36973, 37665]
[37667, 37806]
[37808, 38075]
[38077, 38620]
[38622, 39037]
[39039, 39422]
[39424, 39717]
[39719, 39803]
[39805, 39903]
[39905, 39906]
[39908, 39927]
[39929, 40000]

I_10.txt Compatible con la media en los tramos:

[315, 387]
[390, 416]
[418, 461]
[463, 582]
[584, 684]
[686, 704]
[706, 754]
[757, 789]
[792, 869]
[871, 1164]
[1166, 1179]
[1181, 1189]
[1191, 1315]
[1317, 1616]
[1618, 1782]
[1784, 1823]
[1825, 1827]
[1829, 1878]
[1880, 2102]
[2104, 2881]
[2883, 3429]
[3431, 3602]
[3604, 3658]
[3660, 3707]
[3709, 4193]
[4195, 4627]
[4629, 4640]
[4642, 4996]
[4999, 5320]
[5322, 6371]
[6373, 6655]
[6657, 8253]
[8255, 8358]
[8360, 8951]
[8953, 8988]
[8990, 9034]
[9036, 9040]
[9042, 9093]
[9096, 9139]
[9141, 9289]
[9291, 9373]
[9375, 9733]
[9735, 9877]
[9879, 10560]
[10562, 10719]
[10721, 10721]
[10723, 10868]
[10870, 11243]
[11245, 11611]
[11614, 11941]
[11943, 12216]
[12218, 12321]
[12323, 12480]
[12482, 12677]
[12679, 12702]
[12704, 13114]
[13116, 13410]
[13412, 14070]
[14072, 14254]
[14256, 15312]
[15314, 15577]
[15579, 15756]
[15758, 15758]
[15760, 15871]
[15873, 16222]
[16224, 17680]
[17682, 17813]
[17815, 18533]
[18535, 18978]
[18980, 19423]
[19425, 20004]
[20006, 20016]
[20018, 20570]
[20572, 20747]
[20749, 21069]
[21071, 21300]
[21302, 21649]
[21651, 21656]
[21658, 21737]
[21739, 21761]
[21763, 22963]
[22970, 22971]
[22973, 22974]
[22976, 23073]
[23075, 23235]
[23237, 23315]
[23317, 23319]
[23321, 23424]
[23426, 23551]
[23553, 25206]
[25208, 25499]
[25501, 25596]
[25598, 25839]
[25841, 25867]
[25869, 26612]
[26614, 26685]
[26687, 26942]
[26944, 27221]
[27223, 27599]
[27601, 27750]
[27752, 27784]
[27786, 28732]
[28734, 28743]
[28745, 29150]
[29152, 29162]
[29164, 29329]
[29331, 29580]
[29582, 29610]
[29612, 29772]
[29774, 29877]
[29879, 30053]
[30055, 30066]
[30068, 30071]
[30073, 30524]
[30526, 30622]
[30624, 31338]
[31340, 31379]
[31381, 31475]
[31477, 31477]
[31479, 31600]
[31602, 31610]
[31612, 32612]
[32614, 32717]
[32719, 32955]
[32957, 33261]
[33263, 33264]
[33266, 33625]
[33627, 35142]
[35144, 35164]
[35166, 35303]
[35305, 35307]
[35310, 35389]
[35391, 35469]
[35471, 35494]
[35496, 35694]
[35696, 35721]
[35723, 35760]
[35762, 35944]
[35946, 36481]
[36483, 36830]
[36832, 36918]
[36920, 37897]
[37899, 38008]
[38010, 38170]
[38172, 38209]
[38211, 38277]
[38279, 38684]
[38686, 38713]
[38715, 39008]
[39010, 39057]
[39059, 39458]
[39460, 40000]

I_11.txt Compatible con la media en los tramos:

[315, 387]
[390, 399]
[401, 480]
[482, 601]
[603, 796]
[802, 803]
[805, 828]
[830, 970]
[974, 977]
[980, 980]
[983, 1247]
[1249, 1352]
[1354, 1710]
[1712, 1815]
[1817, 2407]
[2409, 2534]
[2536, 2573]
[2575, 2622]
[2624, 2748]
[2750, 2853]
[2855, 2958]
[2960, 2967]
[2969, 3195]
[3197, 3541]
[3543, 3545]
[3547, 3586]
[3588, 3626]
[3628, 3670]
[3672, 3768]
[3770, 3859]
[3861, 4060]
[4062, 5050]
[5052, 5090]
[5092, 5137]
[5139, 5165]
[5167, 5251]
[5253, 5628]
[5630, 5733]
[5735, 6507]
[6509, 6958]
[6960, 7161]
[7163, 7255]
[7257, 7347]
[7350, 7467]
[7469, 8047]
[8049, 8153]
[8155, 8258]
[8260, 8284]
[8286, 8287]
[8289, 8304]
[8306, 9844]
[9846, 10014]
[10016, 10107]
[10109, 10119]
[10121, 10452]
[10454, 10793]
[10795, 10975]
[10977, 11067]
[11072, 11072]
[11074, 11074]
[11077, 11105]
[11108, 11740]
[11742, 11845]
[11847, 11931]
[11933, 12307]
[12309, 13035]
[13037, 13260]
[13262, 13382]
[13384, 13484]
[13486, 13487]
[13489, 13508]
[13510, 14320]
[14322, 14686]
[14688, 14877]
[14879, 15507]
[15509, 15607]
[15614, 16035]
[16037, 16073]
[16075, 16651]
[16653, 16993]
[16995, 17245]
[17247, 18001]
[18003, 18098]
[18100, 18100]
[18102, 18106]
[18108, 19473]
[19475, 19539]
[19541, 20008]
[20010, 20155]
[20157, 20272]
[20274, 20683]
[20685, 20740]
[20742, 20831]
[20834, 21382]
[21384, 21416]
[21418, 22094]
[22096, 22130]
[22132, 22155]
[22157, 22582]
[22585, 22586]
[22588, 22589]
[22591, 22592]
[22594, 22594]
[22596, 22738]
[22740, 22843]
[22845, 23393]
[23395, 23745]
[23747, 23886]
[23888, 23942]
[23944, 24233]
[24235, 24335]
[24337, 24359]
[24361, 24545]
[24547, 24663]
[24665, 25105]
[25107, 25138]
[25140, 25158]
[25160, 25210]
[25212, 25214]
[25216, 25242]
[25244, 25456]
[25458, 25470]
[25475, 25574]
[25576, 25736]
[25738, 25792]
[25794, 25840]
[25842, 25845]
[25847, 26336]
[26338, 26400]
[26402, 27456]
[27458, 27701]
[27703, 28839]
[28841, 28848]
[28850, 29807]
[29809, 30017]
[30019, 30020]
[30022, 30764]
[30766, 30879]
[30881, 31180]
[31182, 31575]
[31577, 32274]
[32276, 32364]
[32366, 32380]
[32382, 32469]
[32471, 32519]
[32521, 33168]
[33170, 33304]
[33306, 33671]
[33673, 33867]
[33870, 34377]
[34379, 34595]
[34597, 34662]
[34664, 35102]
[35104, 35486]
[35488, 35614]
[35616, 35719]
[35721, 35736]
[35738, 35738]
[35740, 35843]
[35845, 35891]
[35893, 36523]
[36525, 36578]
[36580, 36628]
[36630, 37173]
[37175, 37216]
[37218, 37264]
[37266, 37278]
[37282, 37285]
[37287, 37382]
[37384, 37384]
[37387, 37448]
[37450, 37476]
[37478, 37487]
[37489, 37501]
[37503, 37576]
[37578, 37897]
[37899, 38499]
[38501, 38685]
[38687, 38697]
[38699, 39023]
[39025, 39318]
[39320, 39795]
[39797, 39867]
[39869, 40000]

I_12.txt Compatible con la media en los tramos:

[315, 485]
[488, 820]
[822, 865]
[867, 868]
[870, 871]
[875, 875]
[877, 923]
[926, 1006]
[1008, 1342]
[1344, 1389]
[1391, 2137]
[2139, 2199]
[2201, 2663]
[2665, 3040]
[3042, 4224]
[4226, 4323]
[4325, 4453]
[4455, 4558]
[4560, 4663]
[4665, 4751]
[4753, 5094]
[5096, 5116]
[5118, 5736]
[5738, 5770]
[5772, 5841]
[5843, 6018]
[6020, 6893]
[6895, 7004]
[7006, 7104]
[7106, 7136]
[7138, 8037]
[8039, 8051]
[8053, 8472]
[8474, 9245]
[9247, 10091]
[10093, 10223]
[10225, 10502]
[10504, 11304]
[11306, 11442]
[11444, 12017]
[12019, 12026]
[12031, 12034]
[12036, 12404]
[12406, 13262]
[13264, 13766]
[13768, 14038]
[14040, 14340]
[14342, 14343]
[14345, 14397]
[14399, 14692]
[14694, 14952]
[14954, 15005]
[15007, 15077]
[15079, 15114]
[15116, 15493]
[15495, 15735]
[15737, 15777]
[15779, 15812]
[15814, 15835]
[15837, 16193]
[16195, 16295]
[16297, 16298]
[16300, 17361]
[17364, 17726]
[17728, 17757]
[17759, 17811]
[17813, 18048]
[18050, 18054]
[18056, 18672]
[18674, 19225]
[19227, 19520]
[19522, 19663]
[19665, 19666]
[19668, 19692]
[19694, 19887]
[19889, 19981]
[19983, 20727]
[20729, 20734]
[20736, 20836]
[20838, 20882]
[20884, 21282]
[21284, 21492]
[21494, 21791]
[21793, 21802]
[21804, 21897]
[21899, 21907]
[21909, 23086]
[23088, 23595]
[23597, 23742]
[23744, 23983]
[23985, 24233]
[24235, 24357]
[24359, 24473]
[24475, 24477]
[24481, 24491]
[24493, 24502]
[24504, 24849]
[24851, 25013]
[25015, 25106]
[25108, 25207]
[25209, 25318]
[25320, 25681]
[25683, 26268]
[26270, 26348]
[26350, 26448]
[26450, 26484]
[26486, 26544]
[26546, 26663]
[26665, 27148]
[27150, 27607]
[27609, 27745]
[27748, 27856]
[27858, 28391]
[28393, 28603]
[28605, 29410]
[29412, 29667]
[29669, 30455]
[30457, 30999]
[31001, 31053]
[31055, 31576]
[31578, 31697]
[31699, 31947]
[31949, 32344]
[32346, 32930]
[32932, 33053]
[33055, 33474]
[33476, 33946]
[33948, 33958]
[33960, 33981]
[33983, 34004]
[34006, 34558]
[34560, 34764]
[34767, 34935]
[34937, 35026]
[35028, 35028]
[35030, 35090]
[35092, 35236]
[35238, 35240]
[35242, 36002]
[36004, 36154]
[36156, 36156]
[36158, 36259]
[36261, 36957]
[36959, 37175]
[37177, 37196]
[37198, 37217]
[37219, 37263]
[37265, 37293]
[37295, 37304]
[37306, 37349]
[37351, 37369]
[37371, 37773]
[37775, 38642]
[38644, 39094]
[39096, 39132]
[39134, 39165]
[39167, 39302]
[39304, 39431]
[39433, 39583]
[39585, 39733]
[39735, 39758]
[39760, 39838]
[39840, 40000]

I_13.txt Compatible con la media en los tramos:

[315, 437]
[439, 494]
[497, 549]
[551, 557]
[559, 687]
[690, 789]
[791, 792]
[794, 1026]
[1029, 1400]
[1402, 1437]
[1439, 2001]
[2003, 2175]
[2177, 2509]
[2511, 2614]
[2616, 3092]
[3094, 3106]
[3108, 3213]
[3215, 3222]
[3224, 3360]
[3362, 3366]
[3368, 3471]
[3473, 3770]
[3772, 5330]
[5332, 5639]
[5641, 5948]
[5950, 6019]
[6021, 6255]
[6257, 6520]
[6522, 6719]
[6721, 6748]
[6750, 6947]
[6949, 7153]
[7155, 7282]
[7284, 7845]
[7847, 7868]
[7871, 8095]
[8097, 8520]
[8522, 8774]
[8776, 9196]
[9198, 9606]
[9609, 9712]
[9714, 10166]
[10168, 10212]
[10214, 10367]
[10369, 10492]
[10494, 10563]
[10565, 10921]
[10923, 11162]
[11164, 11515]
[11517, 12690]
[12692, 12812]
[12814, 13780]
[13782, 14465]
[14467, 14757]
[14759, 14855]
[14857, 14862]
[14864, 15260]
[15262, 15365]
[15367, 15519]
[15521, 15575]
[15577, 15656]
[15658, 15706]
[15708, 15988]
[15990, 16109]
[16111, 16960]
[16962, 17006]
[17008, 17097]
[17099, 18436]
[18438, 18541]
[18543, 18655]
[18659, 20214]
[20216, 20319]
[20321, 20761]
[20763, 20948]
[20950, 21251]
[21254, 21838]
[21840, 21987]
[21989, 22074]
[22076, 22215]
[22217, 22260]
[22262, 22996]
[22998, 23900]
[23902, 24067]
[24069, 24172]
[24174, 25224]
[25226, 25329]
[25331, 25393]
[25395, 25412]
[25414, 25692]
[25694, 26155]
[26157, 26258]
[26260, 26276]
[26278, 26603]
[26605, 27378]
[27380, 27542]
[27544, 28144]
[28146, 28325]
[28327, 28543]
[28545, 28663]
[28665, 28722]
[28724, 29715]
[29717, 30523]
[30525, 30765]
[30767, 31428]
[31430, 31444]
[31446, 31461]
[31463, 31520]
[31522, 31529]
[31531, 31623]
[31625, 31639]
[31641, 31728]
[31730, 31858]
[31860, 31926]
[31928, 31963]
[31965, 32031]
[32033, 32067]
[32069, 32136]
[32138, 32324]
[32326, 32852]
[32854, 32866]
[32868, 33232]
[33234, 33706]
[33708, 33931]
[33933, 34027]
[34029, 34189]
[34191, 34528]
[34530, 34767]
[34769, 35287]
[35289, 35301]
[35303, 35391]
[35394, 35405]
[35408, 35496]
[35499, 35510]
[35513, 35715]
[35717, 36118]
[36120, 36327]
[36329, 36379]
[36381, 36637]
[36639, 37140]
[37142, 37154]
[37156, 37355]
[37357, 38171]
[38173, 38590]
[38592, 38646]
[38648, 38652]
[38654, 38654]
[38657, 38682]
[38684, 39802]
[39804, 40000]

I_14.txt Compatible con la media en los tramos:

[315, 486]
[488, 522]
[524, 539]
[542, 608]
[610, 639]
[641, 642]
[644, 812]
[814, 863]
[865, 1827]
[1829, 1858]
[1860, 1873]
[1875, 1941]
[1943, 2044]
[2046, 2786]
[2788, 3083]
[3085, 3119]
[3121, 3329]
[3331, 3539]
[3541, 4052]
[4054, 5210]
[5212, 5419]
[5421, 5495]
[5497, 5524]
[5526, 5860]
[5862, 5965]
[5967, 6310]
[6312, 6313]
[6315, 6597]
[6599, 6700]
[6702, 6737]
[6739, 7272]
[7274, 7457]
[7459, 7637]
[7639, 8019]
[8021, 8095]
[8097, 8463]
[8465, 8908]
[8910, 8971]
[8973, 9342]
[9344, 9743]
[9745, 9773]
[9775, 10111]
[10113, 10423]
[10425, 10687]
[10689, 10904]
[10906, 11700]
[11702, 11743]
[11745, 11805]
[11807, 12450]
[12452, 12674]
[12676, 12722]
[12724, 12814]
[12816, 12954]
[12956, 13212]
[13214, 13759]
[13761, 14283]
[14285, 14852]
[14854, 15518]
[15520, 16738]
[16740, 16892]
[16894, 17080]
[17082, 17646]
[17648, 17660]
[17662, 17770]
[17772, 18155]
[18157, 18605]
[18607, 19549]
[19551, 19580]
[19582, 19874]
[19876, 19911]
[19913, 19979]
[19981, 20809]
[20811, 21073]
[21075, 21192]
[21194, 21249]
[21251, 21813]
[21815, 21877]
[21879, 22093]
[22095, 23123]
[23125, 23232]
[23234, 23395]
[23397, 23916]
[23918, 24976]
[24978, 25398]
[25400, 25737]
[25739, 25899]
[25901, 26336]
[26338, 26621]
[26623, 26626]
[26628, 26632]
[26634, 26737]
[26739, 27091]
[27093, 27542]
[27544, 27775]
[27777, 27951]
[27953, 28149]
[28151, 28513]
[28515, 28875]
[28877, 29057]
[29059, 29140]
[29142, 29398]
[29400, 29792]
[29794, 29891]
[29893, 29995]
[29997, 30415]
[30417, 30563]
[30565, 31003]
[31005, 31482]
[31484, 31696]
[31698, 31726]
[31728, 31997]
[31999, 32226]
[32228, 32233]
[32235, 32313]
[32315, 32805]
[32807, 32895]
[32897, 33096]
[33098, 33925]
[33927, 35464]
[35466, 35840]
[35842, 36306]
[36308, 36460]
[36462, 36497]
[36499, 36953]
[36955, 37370]
[37372, 37738]
[37740, 38093]
[38095, 38276]
[38278, 38303]
[38305, 38322]
[38324, 38326]
[38328, 38408]
[38410, 38503]
[38505, 40000]

I_15.txt Compatible con la media en los tramos:

[315, 387]
[389, 453]
[455, 456]
[458, 458]
[463, 468]
[470, 480]
[484, 506]
[508, 568]
[570, 601]
[603, 736]
[738, 741]
[744, 915]
[917, 998]
[1001, 1056]
[1058, 1106]
[1108, 1236]
[1238, 1507]
[1509, 1814]
[1816, 2259]
[2261, 2754]
[2756, 2758]
[2760, 2788]
[2790, 3157]
[3159, 3341]
[3343, 3928]
[3930, 4071]
[4073, 4235]
[4237, 4602]
[4604, 4815]
[4817, 5269]
[5271, 5937]
[5939, 6097]
[6099, 6202]
[6204, 6499]
[6501, 6668]
[6670, 6696]
[6698, 6785]
[6787, 7113]
[7115, 7246]
[7248, 7248]
[7251, 7254]
[7256, 7431]
[7433, 8045]
[8047, 8135]
[8137, 8146]
[8148, 8537]
[8539, 8710]
[8712, 9498]
[9500, 9603]
[9605, 9794]
[9796, 10020]
[10022, 10140]
[10142, 10330]
[10332, 10838]
[10840, 10959]
[10961, 10996]
[10998, 11052]
[11054, 11399]
[11401, 11446]
[11448, 11658]
[11660, 11936]
[11939, 11939]
[11942, 12160]
[12162, 12271]
[12273, 12618]
[12620, 12743]
[12745, 12777]
[12779, 13143]
[13145, 13372]
[13374, 13374]
[13376, 13386]
[13388, 13401]
[13403, 13489]
[13491, 13525]
[13527, 13718]
[13720, 13832]
[13834, 14374]
[14376, 14503]
[14505, 14558]
[14560, 14982]
[14984, 15310]
[15312, 15494]
[15496, 15869]
[15871, 16176]
[16178, 16303]
[16305, 16655]
[16658, 17519]
[17521, 17823]
[17825, 17898]
[17900, 19258]
[19260, 19467]
[19469, 19532]
[19535, 19553]
[19555, 19824]
[19826, 19828]
[19830, 19847]
[19849, 20223]
[20225, 20786]
[20788, 20938]
[20940, 21259]
[21261, 21454]
[21456, 21614]
[21616, 22309]
[22311, 22417]
[22419, 22505]
[22507, 22610]
[22612, 22981]
[22983, 23343]
[23345, 23436]
[23438, 23624]
[23626, 23671]
[23673, 23739]
[23741, 24389]
[24391, 24645]
[24647, 25468]
[25470, 26006]
[26008, 26111]
[26113, 26674]
[26676, 27582]
[27584, 28172]
[28174, 28195]
[28197, 28345]
[28347, 28792]
[28794, 29411]
[29413, 29546]
[29548, 30720]
[30722, 30971]
[30973, 31191]
[31193, 32123]
[32125, 33521]
[33523, 33728]
[33730, 33773]
[33775, 33810]
[33812, 33845]
[33847, 33858]
[33860, 34115]
[34117, 34119]
[34121, 34195]
[34197, 34197]
[34199, 34224]
[34226, 34274]
[34276, 34785]
[34787, 34821]
[34823, 34824]
[34826, 34972]
[34974, 35320]
[35322, 35844]
[35846, 36293]
[36295, 36427]
[36429, 36693]
[36695, 36798]
[36800, 36840]
[36842, 36934]
[36936, 37167]
[37169, 37300]
[37302, 38032]
[38034, 38271]
[38273, 38282]
[38284, 38481]
[38483, 38780]
[38782, 39462]
[39464, 40000]

I_16.txt Compatible con la media en los tramos:

[315, 391]
[393, 621]
[623, 785]
[787, 904]
[911, 913]
[915, 917]
[919, 1004]
[1007, 1007]
[1009, 1009]
[1017, 1221]
[1223, 1323]
[1325, 1847]
[1849, 2049]
[2051, 2396]
[2398, 2542]
[2544, 2939]
[2941, 3169]
[3171, 3796]
[3798, 3865]
[3867, 4201]
[4203, 4748]
[4750, 4971]
[4973, 5119]
[5121, 5350]
[5352, 5592]
[5594, 6332]
[6334, 6449]
[6451, 6657]
[6659, 7222]
[7224, 8136]
[8138, 8238]
[8240, 8489]
[8491, 8780]
[8782, 9446]
[9448, 9613]
[9615, 9818]
[9820, 10221]
[10223, 10687]
[10689, 10745]
[10747, 10753]
[10755, 11256]
[11258, 11518]
[11520, 12178]
[12180, 12461]
[12463, 12502]
[12504, 12603]
[12605, 12607]
[12609, 13039]
[13041, 13532]
[13534, 13999]
[14001, 14100]
[14102, 14259]
[14261, 14787]
[14789, 14871]
[14873, 15854]
[15856, 16085]
[16087, 16419]
[16421, 16425]
[16427, 16543]
[16545, 16673]
[16675, 17392]
[17394, 17453]
[17455, 17936]
[17938, 17956]
[17958, 18039]
[18043, 18139]
[18141, 18145]
[18147, 18551]
[18553, 18554]
[18556, 18738]
[18740, 19002]
[19004, 19213]
[19215, 19439]
[19441, 19800]
[19802, 19931]
[19933, 20348]
[20350, 21025]
[21027, 21660]
[21662, 22057]
[22059, 22734]
[22736, 22744]
[22746, 22761]
[22763, 22866]
[22868, 23073]
[23075, 23274]
[23276, 23698]
[23700, 23715]
[23717, 23777]
[23779, 23901]
[23903, 23918]
[23920, 25055]
[25057, 25206]
[25208, 25956]
[25958, 26121]
[26123, 26298]
[26300, 26486]
[26488, 26630]
[26632, 26735]
[26737, 27430]
[27432, 27535]
[27537, 27556]
[27558, 27669]
[27671, 27896]
[27898, 28154]
[28156, 28572]
[28574, 28924]
[28926, 28932]
[28934, 29133]
[29135, 29163]
[29165, 29477]
[29479, 30093]
[30095, 30244]
[30246, 30255]
[30257, 30365]
[30367, 30748]
[30750, 31263]
[31265, 31521]
[31523, 32329]
[32331, 32377]
[32379, 32530]
[32532, 32980]
[32982, 33379]
[33381, 33781]
[33783, 34245]
[34247, 34425]
[34427, 34458]
[34460, 34468]
[34470, 34573]
[34575, 34773]
[34775, 34842]
[34844, 34941]
[34943, 35795]
[35797, 36020]
[36022, 36503]
[36505, 36572]
[36574, 36729]
[36731, 36835]
[36837, 36858]
[36860, 36864]
[36866, 37600]
[37602, 37667]
[37669, 38487]
[38489, 38866]
[38868, 38878]
[38880, 39153]
[39155, 39359]
[39361, 39409]
[39411, 39604]
[39607, 39608]
[39610, 39834]
[39836, 40000]

I_17.txt Compatible con la media en los tramos:

[315, 448]
[450, 527]
[530, 531]
[535, 538]
[540, 545]
[547, 549]
[551, 555]
[558, 558]
[561, 589]
[592, 619]
[621, 631]
[634, 655]
[657, 663]
[665, 709]
[711, 711]
[715, 859]
[862, 984]
[986, 993]
[995, 997]
[999, 1311]
[1313, 1860]
[1862, 1911]
[1916, 2020]
[2022, 2024]
[2026, 2129]
[2131, 2133]
[2135, 2140]
[2142, 2944]
[2946, 3220]
[3222, 3313]
[3315, 3687]
[3689, 3982]
[3984, 4092]
[4094, 4201]
[4203, 4418]
[4420, 4886]
[4888, 5042]
[5044, 5739]
[5741, 5743]
[5745, 5820]
[5822, 6391]
[6393, 7161]
[7163, 7436]
[7438, 7604]
[7606, 7635]
[7637, 7648]
[7650, 7754]
[7756, 8683]
[8685, 8788]
[8790, 9288]
[9290, 9356]
[9358, 9557]
[9559, 9796]
[9798, 10366]
[10368, 10521]
[10523, 10711]
[10713, 10714]
[10716, 10725]
[10727, 10829]
[10832, 10844]
[10846, 10847]
[10849, 10911]
[10913, 10935]
[10937, 11040]
[11042, 11124]
[11126, 11229]
[11231, 12418]
[12420, 12524]
[12526, 12624]
[12626, 12629]
[12631, 12729]
[12732, 13326]
[13328, 13357]
[13359, 13464]
[13466, 13466]
[13468, 13468]
[13471, 14035]
[14037, 14527]
[14529, 14948]
[14950, 15076]
[15078, 15469]
[15471, 15580]
[15582, 15588]
[15590, 16046]
[16048, 16229]
[16231, 16398]
[16400, 16526]
[16528, 16760]
[16765, 16850]
[16852, 16865]
[16867, 17578]
[17580, 18095]
[18097, 18490]
[18492, 18632]
[18634, 18760]
[18762, 19007]
[19009, 20067]
[20069, 20160]
[20162, 20184]
[20187, 20265]
[20267, 20547]
[20549, 21461]
[21463, 21846]
[21848, 22037]
[22039, 22142]
[22144, 22438]
[22440, 22736]
[22738, 22749]
[22751, 23056]
[23058, 23527]
[23529, 23595]
[23597, 23701]
[23703, 24347]
[24349, 24723]
[24725, 25276]
[25278, 25318]
[25320, 25538]
[25540, 25558]
[25560, 25901]
[25903, 26098]
[26100, 26346]
[26348, 27060]
[27062, 27423]
[27425, 28142]
[28144, 29020]
[29022, 29285]
[29287, 30038]
[30040, 30873]
[30875, 30968]
[30970, 30988]
[30990, 31001]
[31003, 31139]
[31141, 32316]
[32318, 32328]
[32330, 32472]
[32474, 32775]
[32777, 32778]
[32780, 32960]
[32962, 33569]
[33571, 34394]
[34396, 35836]
[35838, 36553]
[36555, 37271]
[37273, 37566]
[37568, 37662]
[37664, 37671]
[37673, 37883]
[37885, 38150]
[38152, 38968]
[38970, 39278]
[39280, 40000]

I_18.txt Compatible con la media en los tramos:

[315, 512]
[517, 596]
[598, 618]
[620, 648]
[650, 650]
[652, 676]
[678, 678]
[680, 686]
[688, 690]
[692, 781]
[783, 824]
[826, 882]
[884, 1141]
[1143, 2292]
[2294, 3318]
[3320, 3799]
[3801, 3916]
[3918, 4026]
[4028, 5150]
[5152, 5339]
[5343, 5754]
[5756, 5796]
[5798, 5901]
[5904, 5907]
[5909, 5909]
[5912, 6275]
[6277, 6277]
[6279, 6467]
[6469, 7013]
[7015, 7062]
[7064, 7398]
[7400, 7758]
[7760, 7871]
[7873, 8244]
[8246, 8337]
[8339, 8442]
[8444, 8792]
[8794, 8957]
[8959, 9137]
[9139, 9260]
[9262, 9324]
[9326, 9457]
[9459, 9612]
[9615, 9957]
[9959, 10141]
[10143, 10269]
[10271, 10382]
[10384, 10388]
[10392, 10490]
[10492, 10494]
[10496, 10519]
[10521, 11234]
[11236, 11321]
[11323, 11353]
[11355, 11500]
[11502, 11502]
[11504, 11607]
[11609, 11639]
[11641, 11744]
[11746, 11762]
[11764, 12001]
[12003, 12665]
[12667, 12868]
[12870, 13177]
[13179, 14285]
[14287, 15096]
[15098, 15556]
[15558, 15747]
[15749, 15937]
[15939, 16374]
[16376, 16683]
[16685, 16883]
[16885, 16885]
[16887, 17044]
[17046, 17147]
[17149, 17318]
[17320, 17324]
[17326, 17482]
[17484, 17596]
[17598, 17697]
[17699, 18333]
[18336, 18636]
[18638, 18875]
[18877, 19377]
[19379, 19398]
[19400, 19502]
[19505, 19600]
[19602, 20298]
[20300, 20404]
[20406, 20413]
[20415, 20415]
[20417, 20509]
[20511, 20676]
[20681, 20681]
[20683, 23303]
[23305, 23359]
[23361, 23496]
[23499, 23638]
[23640, 23757]
[23759, 23859]
[23861, 23930]
[23932, 24005]
[24007, 24036]
[24038, 24042]
[24044, 24146]
[24148, 24729]
[24731, 24732]
[24734, 24831]
[24834, 24962]
[24964, 25085]
[25087, 25543]
[25545, 25867]
[25869, 26055]
[26057, 27334]
[27336, 27856]
[27858, 28041]
[28043, 28635]
[28637, 28851]
[28853, 28942]
[28944, 29126]
[29128, 29204]
[29206, 29271]
[29273, 29713]
[29715, 30047]
[30049, 30648]
[30650, 30967]
[30969, 31180]
[31182, 31584]
[31586, 31813]
[31815, 32324]
[32326, 32518]
[32520, 33072]
[33074, 33386]
[33388, 34051]
[34053, 34156]
[34158, 34163]
[34165, 34449]
[34451, 34488]
[34490, 34935]
[34937, 35042]
[35044, 35063]
[35065, 35425]
[35427, 35480]
[35482, 35585]
[35587, 36130]
[36132, 36431]
[36433, 36539]
[36541, 36670]
[36672, 36821]
[36823, 36830]
[36832, 37037]
[37039, 37393]
[37395, 37482]
[37484, 38601]
[38603, 38814]
[38816, 39478]
[39480, 39484]
[39486, 39583]
[39585, 40000]

I_19.txt Compatible con la media en los tramos:

[315, 380]
[382, 455]
[457, 560]
[562, 567]
[569, 577]
[579, 671]
[675, 775]
[779, 838]
[840, 990]
[992, 1040]

